-17.43520164489746;-823.5162963867188;-215.96875;3;Barrels;-14.316509246826172;67.68290710449219;800;0;0;0;0;0;0;0
-832.45;-67.78;-367.96875;3;Barrels;-3.64;43.53;800;0;0;0;0;0;0;0
1203.9891357421875;-80.02655792236328;-159.96875;3;Kitchen;-0.8804228901863098;-47.736473083496094;800;0;0;0;0;0;0;0
536.928466796875;-858.0302124023438;-223.96875;3;BackWay;-6.977719783782959;-120.34844207763672;800;0;0;0;0;0;0;0
938.03125;-296.85540771484;-159.96875;3;Storege Room;-4.5791320800781;43.159301757813;800;0;0;0;0;0;0;0
983.9835205078125;-331.8383483886719;-159.96875;3;Fake-Duck;-7.202581882476807;-149.14889526367188;800;0;0;0;0;0;0;0
-497.5635681152344;-538.58984375;-267.08813476563;3;Boxes;-18.72443962097168;7.40939474105835;800;0;0;0;0;0;0;0
-17.43520164489746;-823.5162963867188;-215.96875;1;Barrels;-14.316509246826172;67.68290710449219;800;0;0;0;0;0;0;0
-832.45;-67.78;-367.96875;1;Barrels;-3.64;43.53;800;0;0;0;0;0;0;0
1203.9891357421875;-80.02655792236328;-159.96875;1;Kitchen;-0.8804228901863098;-47.736473083496094;800;0;0;0;0;0;0;0
536.928466796875;-858.0302124023438;-223.96875;1;BackWay;-6.977719783782959;-120.34844207763672;800;0;0;0;0;0;0;0
938.03125;-296.85540771484;-159.96875;1;Storege Room;-4.5791320800781;43.159301757813;800;0;0;0;0;0;0;0
983.9835205078125;-331.8383483886719;-159.96875;1;Fake-Duck;-7.202581882476807;-149.14889526367188;800;0;0;0;0;0;0;0
-497.5635681152344;-538.58984375;-267.08813476563;1;Boxes;-18.72443962097168;7.40939474105835;800;0;0;0;0;0;0;0
311.268798828125;18.016355514526367;-159.96875;3;Side Hall 53HP;-7.24;28.98;800;0;0;0;0;0;0;0
311.268798828125;18.016355514526367;-159.96875;1;Side Hall Molly;-3.946805953979492;30.392162322998047;800;0;0;0;0;0;0;0
1271.9591064453125;-1161.7679443359375;-255.30055236816;1;BathRoom;-19.37;125.36259460449219;800;0;0;0;0;0;0;0
-160.0484619140625;-834.1062622070313;-279.96875;1;BathRoom;-19.41028594970703;35.06193542480469;800;0;0;0;0;0;0;0
991.87823486328;1039.96875;-159.96875;1;Spawn Stop;-3.3207712173462;-26.076890945435;800;0;0;0;0;0;0;0
1044.3308105469;1039.96875;-159.96875;1;Sofa;-5.8989114761353;-13.769506454468;800;0;0;0;0;0;0;0
1177.619140625;-903.1005859375;-159.96875;1;One-way;3.5127573013305664;141.0026092529297;800;0;0;0;0;0;0;0
1708.98;762.15;-159.96875;1;Long;1.23;117.50;800;0;0;0;0;0;0;0
1217.1575927734;900.98553466797;-159.96875;1;T Door;2.2882056236267;-13.104189872742;800;0;0;0;0;0;0;0
311.29696655273;18.017518997192;-159.96875;1;Vending;-7.2399997711182;28.979999542236;800;0;0;0;0;0;0;0
-19.460277557373;-849.62213134766;-215.96875;1;SideHall;-14.807096481323;69.730690002441;800;0;0;0;0;0;0;0
-249.95950317383;-781.36975097656;-279.96875;1;Garage;-1.1388405561447;-151.22862243652;800;0;0;0;0;0;0;0
730.77423095703;-418.03964233398;-159.96875;1;Glass;-4.2590866088867;-51.496223449707;800;0;0;0;0;0;0;0
1436.3914794922;-302.28790283203;-159.96875;1;Kitchen;-6.7096095085144;136.76147460938;800;0;0;0;0;0;0;0
1328.0222167969;751.96765136719;-159.96875;1;T Push;-11.415349960327;27.713466644287;800;0;0;0;0;0;0;0
1721.0961914063;736.84265136719;-159.96875;1;Hostage;-0.75895142555237;117.45697784424;800;0;0;0;0;0;0;0
1131.1171875;103.62022399902;-159.96875;1;Door Legit AA;3.8705408573151;-129.32191467285;800;0;0;0;0;0;0;0
1231.9375;364.0026550293;-159.96875;1;Door;-3.2942340373993;-121.86632537842;800;0;0;0;0;0;0;0
1721.0876464844;736.83233642578;-159.96875;1;Door;-4.9034013748169;173.45866394043;800;0;0;0;0;0;0;0
645.40991210938;-310.60342407227;-158.96875;1;Corner;-2.74013233;-50.03606;800;0;0;0;0;0;0;0
-19.460819244385;-849.55285644531;-215.96875;3;SideHall;-11.703845024109;68.608131408691;800;0;0;0;0;0;0;0
730.79083251953;-418.04904174805;-159.96875;3;Fake-Duck C;-4.6726837158203;-51.500606536865;800;0;0;0;0;0;0;0
1271.9500732422;-1161.7517089844;-255.16987609863;3;Back Courtyard conner;-20.037616729736;125.26713562012;800;0;0;0;0;0;0;0
1436.3914794922;-302.28790283203;-159.96875;3;Kitchen (53HP);-6.7096095085144;136.76147460938;800;0;0;0;0;0;0;0
1328.0272216797;751.97082519531;-159.96875;3;Push (53HP);1.6395177841187;27.184049606323;800;0;0;0;0;0;0;0
1131.1153564453;103.62297058105;-159.96875;3;Legit AA Door (53HP);0.59180563688278;-129.42172241211;800;0;0;0;0;0;0;0
1053.9686279297;-443.01071166992;-159.96875;3;Paper Door;9.8365840911865;136.40644836426;800;0;0;0;0;0;0;0
1480.5554199219;-481.50427246094;-159.96875;3;Kitchen paper;-6.6184129714966;117.03526306152;800;0;0;0;0;0;0;0
1329.6568603516;-519.01654052734;-115.96875;3;paper anti-peak;2.6717047691345;55.000774383545;800;0;0;1;0;0;0;0
1309.3488769531;312.70343017578;-159.96875;3;paper door (58HP);-3.7039937973022;-144.68276977539;800;0;0;0;0;0;0;0
1013.5485229492;-667.89953613281;-159.96875;1;Back Way Trash;-4.2577028274536;97.964347839355;800;1;0;1;32;450;0
1013.5485229492;-667.89953613281;-158.96875;3;Back Way Trash (70HP);-2.577028274536;97.964347839355;800;1;0;1;13;450;0
767.24847412109;-1272.1071777344;-290.11669921875;1;AWP Hold;-17.650466918945;76.479339599609;800;1;0;1;4;450;0
766.55297851563;-1271.9924316406;-290.02969360352;3;AWP Hold;-17.450296401978;76.37377166748;800;1;0;1;4;450;0
1053.1860351563;880.0966796875;-159.96875;1;Sofa broke right + t RIGHT GLASES;-8.6106042861938;30.97190284729;800;1;0;1;22;450;0
981.73223876953;-266.83871459961;-158.96875;3;here Paper;-6.9504432678223;45.657255554199;800;1;0;1;4;450;0
-316.76641845703;231.14228820801;-159.96875;3;MID MID;-5.8937301635742;-24.006732940674;800;1;0;1;25;450;0
-134.96875;-1124.96875;-222.96875;1;1w Soda;-11.9899912;67.50125;800;1;0;1;22;450;0
-134.96875;-1124.96875;-222.96875;3;1w Soda;-11.9899912;67.50125;800;1;0;1;22;450;0
1277.9421386719;984.79644775391;-159.96875;3;hall T Start;-3.7348766326904;-53.884750366211;800;1;0;1;15;450;0
790.22082519531;-446.10162353516;-159.96875;3;Main FakeDuck;-6.1630387306213;-50.607627868652;800;1;0;1;6;450;0
927.29656982422;887.54779052734;-159.96875;3;Quadro;17.599941253662;40.189273834229;800;1;1;0;30;450;0
1277.9421386719;984.79644775391;-159.96875;1;hall T Start;-3.7348766326904;-53.884750366211;800;1;0;1;11;450;0
712.58758544922;-573.98486328125;-159.96875;3;MainHall Kitchen;-1.1751308441162;48.085620880127;800;1;0;1;16;450;0
536.92932128906;-858.02874755859;-223.96875;1;High BackWay;-6.977719783783;-120.34844207764;800;0;0;0;0;450;0
536.92358398438;-858.03839111328;-223.96875;3;High BackWay;-6.977719783783;-120.34844207764;800;0;0;0;0;450;0
1217.1575927734;900.98553466797;-159.96875;1;Sidehall T door;2.2882056236267;-13.104189872742;800;0;0;0;0;450;0
1271.9500732422;-1161.7553710938;-255.17031860352;3;BackWay BathRoom;-15.369999885559;125.36259460449;800;1;0;1;1;450;0
1271.953125;-1161.7614746094;-255.17068481445;1;BackWay BathRoom;-19.370000839233;125.36259460449;800;0;0;0;0;450;0
790.22094726563;-446.10153198242;-159.96875;1;Main FakeDuck;-6.1630387306213;-50.607627868652;800;1;0;1;5;450;0
723.97467041016;-1454.0612792969;-279.96875;1;BackWay NearlyTstart;-17;76.531814575195;800;1;0;1;4;450;0
723.97137451172;-1454.0473632813;-279.96875;3;BackWay NearlyTstart;-20;76.531814575195;800;1;0;1;4;450;0
-82.069557189941;-1022.3259887695;-223.96875;1;Stairwell SideHall;-12.822058677673;69.633491516113;800;1;0;1;2;450;0
-82.074378967285;-1022.3026123047;-223.96875;3;Stairwell SideHall;-14.170000076294;68.25;800;1;0;1;1;450;0
-160.04119873047;-834.10113525391;-279.96875;1;Starirwell Side hall (LEFT);-19.410285949707;35.061935424805;800;0;0;0;0;450;0
774.01800537109;-1502.7927246094;-282.97509765625;3;BackWay LegitAA (53HP);-21.5;80;800;1;0;1;33;450;0
774.00653076172;-1502.7663574219;-282.96853637695;1;BackWay FakeDuck+LegitAA;-21.5;80;800;1;0;1;44;450;0
981.72119140625;-266.85000610352;-159.96875;1;BackWay FakeDuck+LegitAA;-6.9504432678223;45.657257080078;800;1;0;1;8;450;0
565.40911865234;-444.45550537109;-159.96875;1;Main FakeDuck;-5.3589444160461;179.6135559082;800;1;0;1;1;450;0
565.40911865234;-444.45550537109;-159.96875;3;Main FakeDuck;-5.3589444160461;179.6135559082;800;1;0;1;2;450;0
1271.9415283203;-1161.7669677734;-255.17471313477;1;Back Courtyard conne (Picture);-14.4936170578;122.80309295654;800;1;0;1;1;450;0
