-163.18467712402;492.30197143555;1619.8100585938;3;Garage;-9.7272157669067;-14.079710960388;800;0;0;0;0;0;0;0
56.829383850098;1727.5930175781;1687.03125;3;Fake-Duck Toyota;-16.763013839722;-142.85865783691;800;0;0;0;0;0;0;0
-931.74383544922;69.787994384766;1614.03125;3;White-Box Middle (Unsafe);-15.618739128113;16.393690109253;800;0;0;0;0;0;0;0
1007.2913818359;516.16381835938;1743.9692382813;3;White-Box;-4.7116003036499;-175.6947479248;800;0;0;0;0;0;0;0
-169.42330932617;528.83673095703;1625.4001464844;1;Garage;-9.4412403106689;-18.655723571777;800;0;0;0;0;0;0;0
185.36737060547;1882.9281005859;1687.03125;1;Fake-Duck Toyota;-15.618857383728;-145.50833129883;800;0;0;0;0;0;0;0
-1041.7081298828;829.79962158203;1658.9929199219;1;Bombsite A;-19.393928527832;47.412536621094;800;0;0;0;0;0;0;0
-906.14056396484;1032.111328125;1683.0933837891;1;Bombsite A and Car Plant;-24.255928039551;43.008213043213;800;0;0;0;0;0;0;0
-196.96577453613;-1433.6900634766;1720.7211914063;1;Window Toxic B;-10.413652420044;0.54502868652344;800;0;0;0;0;0;0;0
-119.09378051758;424.62664794922;1613.03125;1;Boost Down;-24.213342;4.959707;800;0;0;0;0;0;0;0
-198.20524597168;418.77334594727;1613.03125;1;Boost Up;-24.513342;5.459707;800;0;0;0;0;0;0;0
-19.68075;1914.706;1687;1;Bombsite A to Car;-20.45679;-134.7262;800;0;0;0;0;0;0;0
55.806140899658;453.95236206055;1757.5109863281;1;Car;-19.456786422729492;157.21087646484375;800;0;0;0;0;0;0;0
605.29986572266;-146.68171691895;1691.9117431641;1;White-Box;-6.2148091316223145;135.8157196044922;800;0;0;0;0;0;0;0
-69.00399017333984;549.1864624023438;1628.7115478516;1;Bombsite A;0.6507905197143555;90.63339538574219;800;0;1;0;0;0;0;0
4.893680572509766;-103.95784759521484;1619.6702880859;1;Boost;-28.058530807495117;40.2496223449707;800;0;0;0;0;0;0;0
806.5239868164063;-1246.503662109375;1613.1978759766;1;Fake-Duck;-23.699928283691406;177.82098388671875;800;0;0;0;0;0;0;0
832.3194580078125;-1464.96826171875;1615.03125;1;Backsite B Fake-Duck;-25.40700340270996;164.73800659179688;800;0;0;0;0;0;0;0
957.0302734375;-1464.9683837890625;1648.03125;1;Full Bombsite B;-20.701017379760742;167.0362091064453;800;0;0;0;0;0;0;0
-963.8711547851563;875.7017822265625;1664.4252929688;1;Bombsite A;-15.01732349395752;50.99263381958008;800;0;0;0;0;0;0;0
56.829383850098;1727.5930175781;1687.03125;1;Fake-Duck Toyota;-16.763013839722;-142.85865783691;800;0;0;0;0;0;0;0
-931.74383544922;69.787994384766;1614.03125;1;White-Box Middle (Unsafe);-15.618739128113;16.393690109253;800;0;0;0;0;0;0;0
1007.2913818359;516.16381835938;1743.9692382813;1;White-Box;-4.7116003036499;-175.6947479248;800;0;0;0;0;0;0;0
592.70446777344;515.69708251953;1614.03125;1;ESP RIP MIDDLE;-17.722537994385;-162.96670532227;800;1;0;1;2;450;0
592.70446777344;515.69708251953;1614.03125;3;ESP RIP (91);-16.262537994385;-163.76670532227;800;1;0;1;9;450;0
624.07080078125;417.54891967773;1614.0311279297;3;ESP RIP (87);-16.349680786133;-167.93629150391;800;1;0;1;9;450;0
931.79553222656;612.83703613281;1822.9783935547;1;ESP RIP MIDDLE;-5.6940460205078;-163.06387329102;800;1;0;1;8;450;0
1353.8000488281;692.37609863281;1613.9345703125;1;RIP-ESP-MIDDLE;1.9724093675613;-164.80673217773;800;1;1;1;30;450;0
1272.7333984375;875.70941162109;1623.7524414063;1;Sandbags;-24.45108795166;-142.84756469727;800;1;0;1;1;450;0
1319.97;1613;1779.31;2;Pipes to Truck;-42.3969;-169.734;800;1;0;0;2;0;180
1319.97;1613;1779.31;2;Long A to Highway Side of A;-49.9069;-174.262;800;0;0;0;0;0;450
-996.969;1440.25;1691.18;2;Corner to Vents;-12.7729;-47.085;800;0;1;0;1;0;450
-996.969;1440.25;1691.18;2;Car to Vents;-33.181599;-46.326721;800;1;0;0;2;0;450
1810.82;865.999;1676.91;2;Wood Panels to Highway;-43.0693;176.759;800;0;1;0;1;0;450
1810.82;865.999;1676.91;2;T Spawn to Z;-9.405066;-157.948578;800;0;1;0;1;0;450
1319.91;1412.39;1701.09;2;Skull to Quad;-55.3814;155.922;800;0;0;0;0;0;450
1037.04;513.031;1613.55;2;Corner to Forklift;-44.6378;112.031;800;0;1;0;1;0;450
1037.04;513.031;1613.55;2;Boost Boxes to Quad Stack;-51.793724;127.469002;800;0;1;0;1;0;450
1037.04;513.031;1613.55;2;Boost Boxes (Oneway);-49.137814;104.639671;800;0;0;0;0;0;450
730.498;-1463.97;1614.09;2;Fence to B Site;-30.8836;161.23;800;0;0;0;0;0;450
1230.76;1612.99;1701.97;2;Corner to Site | Truck;-61.6002;-176.367;800;0;0;0;0;0;450
1230.76;1612.99;1701.97;2;Long A to Forklift;-74.514435;-173.894516;800;0;0;0;0;0;450
605.031;-149.969;1689.04;1;Vent to Z;15.5562;168.976;800;0;1;0;1;0;450
-411.969;-418.969;1614.09;3;Checkers to Vent;-18.9595;8.87426;800;0;0;0;0;0;450
-45.6796;-418.969;1614.09;2;Checkers to B Hall;-20.5039;45.5835;800;0;0;0;0;0;450
568.969;-164.64;1748.09;3;Vent to Under Vent;4.08768;-130.003;800;0;0;0;0;0;450
730.243;-1463.97;1614.09;3;Flash Room to Back Site;-28.4482;148.102;800;0;0;0;0;0;450
960.007;-1463.97;1644.09;3;Flash Room to Default;-24.8676;171.447;800;0;0;0;0;0;450
204.969;-1458.97;1659.09;2;Back Site to Heaven;-17.2942;128.952;800;0;0;0;0;0;450
204.969;-1458.97;1659.09;2;Back Site to CT;-54.5868;138.486;800;0;0;0;0;0;450
204.969;-1458.98;1659.09;3;Back Site to Heaven;-17.9179;131.368;800;0;0;0;0;0;450
-530.345;-528.969;1731.46;3;Heaven to Back Site;-11.8888;-62.3155;800;0;0;0;0;0;450
1776.27;867.486;1618.35;2;T Spawn Truck to Z;-17.6866;-156.009;800;0;1;0;1;0;450
1018.02;593.727;1719;2;Boost to Z;-10.5544;-157.868;800;0;0;0;0;0;450
376.41;-819.089;1614.09;2;B Hall to CT;-14.6233;137.173;800;1;0;0;2;0;450
272.78;-748.37;1614.03;2;B Hall to Heaven;-33.28;137.4;800;0;0;0;0;0;450
1880.82;615.969;1645.24;2;T Spawn Truck to Mid Box;-31.1609;-174.506;800;0;0;0;0;0;450
1319.99;1339.23;1701.09;2;Long A to A Balcony;-60.6583;-178.654;800;0;0;0;0;0;450
833.031;326.987;1614.09;3;Garage to Sandbags;-16.5419;-151.03;800;0;0;0;0;0;450
1762.03;318.361;1614.03;2;Garage to Mid;-11.1988;-176.684;800;0;0;0;0;0;450
956.565;-1174;1614.09;2;B Hall to B Main;-12.6838;144.284;800;0;0;0;0;0;450
-461.03125;-764.96875;1796.09375;2;Heaven to B Halls;-0.907516;35.265495;800;0;0;0;0;0;450
-782.198059;1110.000366;1689.439697;2;Car to Main;-9.703021;24.963852;800;0;0;0;0;0;450
-617.96875;-764.940491;1796.09375;2;Heaven to B Halls;12.638;6.434308;800;0;0;0;0;0;450
-367.03125;116.56559;1663.09375;2;Z (Oneway);-0.19867;-170.005798;800;0;0;0;0;0;450
425.96875;-418.997192;1614.09375;2;Vent (Oneway);-20.180223;83.582611;800;0;0;0;0;0;450
-429.96875;2244.96875;1687.09375;2;Quad boxes to Main;-66.017174;-31.140173;800;0;0;0;0;0;450
-429.96875;2261.986328;1718.09375;2;Quad boxes to Main;-1.766171;-30.80728;800;0;0;0;0;0;450
-50.012558;2261.96875;1687.09375;2;NBK to Main;-18.612713;-64.612831;800;0;0;0;0;0;450
827.948181;-1463.96875;1614.09375;2;Toxic to Headglitch;-25.822598;165.04187;800;0;0;0;0;0;450
827.948181;-1463.96875;1614.09375;2;Toxic to Headglitch;-27.291553;163.36586;800;0;0;0;0;0;450
827.948181;-1463.96875;1614.09375;2;Toxic to Default;-21.995483;162.191437;800;0;0;0;0;0;450
1319.997803;1601.899658;1737.544922;2;Long A to Default;-47.685471;-174.764786;800;0;0;0;0;0;450
1269.96875;1612.96875;1751.581787;2;Long A to Forklift  |  Default;-62.997536;-175.315842;800;0;0;0;0;0;450
1711.974121;463.987732;1614.09375;2;Garage to Middle Roof side;-10.675973;-167.299591;800;0;0;0;0;0;450
1711.96875;-71.96875;1614.09375;2;Garage to Middle Spool side;-10.560504;161.185349;800;0;0;0;0;0;450
837.744141;-872.015564;1614.09375;2;B Halls to Checkers;-15.362073;177.850555;800;0;0;0;0;0;450
1319.992554;1578.756592;1701.09375;2;Long A to Balcony;-50.903076;-167.315948;800;0;0;0;0;0;450
1319.96875;1520.395508;1701.09375;2;Long A to NBK;-57.767025;161.424835;800;0;0;0;0;0;450
154.413376;2096.080566;1688.09375;2;Squeaky to NBK;9.370919;-29.337667;800;0;0;0;0;0;450
139.03125;2197.96875;1688.09375;2;Squeaky to Forklift  |  Default;-6.040052;-60.836231;800;1;0;0;2;0;450
2643.454346;12.689742;1613.09375;2;T Spawn to Middle;-11.831539;-179.061951;800;0;1;0;1;0;450
2156.58374;-182.96875;1613.483887;2;T Spawn to Spool;-22.077839;161.943924;800;0;1;0;1;0;450
960.03125;-1463.96875;1644.09375;2;Toxic to CT;-26.400745;162.85173;800;0;0;0;0;0;450
1160.711182;715.841675;1613.09375;2;Long to Z;-31.334572;-153.088974;800;0;0;0;0;0;450
1319.99707;1355.521484;1701.09375;2;Long to Safe  |  Quad Boxes;-49.913193;157.243423;800;0;0;0;0;0;450
5.553447;-418.998749;1614.09375;2;Checkers to B Halls;-17.391062;53.037075;800;0;0;0;0;0;450
-633.975891;-379.96875;1620.09375;2;Heaven to Bombsite B;-41.629662;-58.865555;800;0;0;0;0;0;450
89.984558;2244.983398;1687.09375;2;NBK to Bombsite A;-71.181236;-93.482628;800;0;0;0;0;0;450
114.96875;-107.322037;1613.718506;2;Sandbags to Middle;-16.913092;-84.200432;800;0;0;0;0;0;450
-358.534668;2147.728027;1687.09375;2;Quad boxes to Main;-17.540194;2.039984;800;0;0;0;0;0;450
204.96875;-1114.011475;1659.09375;2;New box to B Hall;-44.501499;112.792343;800;0;1;0;1;0;450
-482.990204;1441.979736;1687.09375;2;Elektro to Main;-15.857206;11.924713;800;0;0;0;0;0;450
879.802185;-872.03125;1614.09375;2;B Halls to Bombsite B  |  Checkers;-14.157107;177.892853;800;0;0;0;0;0;450
1736.970581;308.96875;1614.09375;2;Garage to Middle;-9.157659;162.762833;800;1;0;0;2;0;450
766.999634;1117.012329;1702.09375;2;Main to Bombsite A;-26.021078;117.366554;800;0;0;0;0;0;450
1481.584961;-729.984558;1614.09375;2;B Halls to B Main;-16.715294;-165.484711;800;0;0;0;0;0;450
1113.96875;-1173.96875;1614.09375;2;B Halls to Bombsite B;-11.088833;151.700394;800;0;0;0;0;0;450
808.282593;-1173.96875;1614.09375;2;B Halls to Checkers;-9.570838;132.692581;800;1;0;0;2;0;450
480.96875;2080.03125;1702.088379;2;Squeaky to Quad Boxes;-10.906268;119.346947;800;0;0;0;0;0;180